[CALIBRATION]
ofs_touch_j = 3676
// fy = 0.09759271307742355
fy = 0.0905
ofs_touch_i = 341
fx = -0.0659077291791492
ofsx = 10
ofsy = 10

